Hue
10469
453
307
554
409
698
3138
124
786
202
247
2448
322
6368
1002
1124
4749
2021
1686
5230
8761
10062
7266
7597
12073
9291
21510
24653
23721
30875
33843
18061
6756
1986
4931
9428
7098
63
509
212
927
7
8038
2781
8
17
30
0
71
4
32598
113
31
9
15
195
50
13
2
0
53
1
4
18
2
13
605
15
18
14
179
8
0
88
109
17637
20
0
0
193
1188
3
1
1721
35
153
6
950
24
18
1212
42
60
326
71
451
3245
23
1497
70
78
2294
158
5047
2104
1898
4931
1988
2613
6647
15498
9103
6270
3694
10472
9722
9072
246
1709
984
25456
363
11301
2286
3020
5620
3686
31
122
53
220
1
1055
597
1
13
5
0
59
0
2560
94
12
0
1
259
22
4
0
0
60
0
0
17
0
9
796
3
35
12
218
6
19
79
137
4787
47
152
19
182
1536
185
414
2623
696
420
300
1216
376
512
0
0
0
0
0
0
0
0
0
0
0
0
0
0
0
0
0
0
0
0
0
0
0
0
0
0
0
0
0
0
0
0
0
0
0
0
0
0
0
0
0
0
0
0
0
0
0
0
0
0
0
0
0
0
0
0
0
0
0
0
0
0
0
0
0
0
0
0
0
0
0
0
0
0
0
0

Saturation
8573
0
193
11232
9257
4448
6064
10174
7495
5972
12122
7037
8489
10728
7020
9690
11501
7009
10716
8442
11527
10226
9046
9619
8094
7721
8506
6557
5862
5371
3545
5019
5978
4991
2177
4513
4921
1036
4924
1942
4740
2126
1314
5863
2492
3817
2467
2031
1404
2465
1397
2585
1501
2883
1822
2765
1325
2054
2388
1674
2085
2009
2567
1753
3061
2537
2460
2574
2571
2701
2824
3540
2628
3467
3378
3479
3362
3754
4505
4006
4250
4344
4475
5153
4724
4924
4850
5015
4811
4920
4954
4938
4267
4179
4441
3926
4538
3665
3329
2883
3533
2870
3031
2777
2759
2256
2558
2301
1997
1941
1648
1829
1614
1574
1451
1193
1164
924
963
942
899
717
594
592
572
424
475
427
278
409
326
288
265
186
197
190
175
149
148
100
106
103
72
68
40
55
59
38
40
32
31
21
17
14
11
13
9
11
4
6
2
5
6
3
3
4
2
2
3
0
1
0
1
2
1
0
2
0
0
2
1
0
0
2
1
1
0
0
1
1
0
0
0
0
1
1
0
0
0
0
0
0
1
1
1
0
0
1
0
0
0
0
0
0
0
1
0
1
0
0
0
0
0
0
0
0
0
0
0
0
0
0
0
0
0
1
0
0
0
0
0
0
0
0
0
0
0
0
0
0
0
0
0
0
0
2

Value
0
0
0
0
0
0
0
0
0
0
1
1
5
4
14
26
230
2585
4371
3462
3927
3752
4321
5297
7006
5113
4209
3966
4138
4438
4434
4172
3546
3055
3108
3073
2971
2991
2910
2883
2655
2523
2378
2207
2192
2162
2257
2212
2267
2116
1881
1921
1825
1334
1180
1053
952
978
957
997
1119
1349
1437
1534
1600
1554
1433
1442
1330
1289
1201
1277
1270
1407
1389
1284
1441
1561
1528
1460
1569
1519
1754
2004
2047
2281
2049
1781
1596
1666
1987
1860
1758
1503
1514
1591
1702
1899
1974
2301
2466
2666
2690
3064
3315
3228
3138
3200
3067
2999
2752
2622
2685
2786
2410
2758
2261
2251
2527
2667
2906
3112
3296
3063
3137
3124
2752
2597
2641
2513
1853
1765
1673
1609
1404
1457
1379
1363
1307
1279
1324
1466
1438
1480
1539
1525
1498
1434
1403
1450
1488
1548
1890
1638
1599
1730
1849
2040
1845
2023
1844
1777
1976
2021
1923
2236
2359
2443
2241
2662
2951
3541
3123
2690
2544
2262
2429
2292
2485
2427
2366
2345
1993
1957
2197
2278
2227
2330
2267
2214
2264
2503
2845
2709
2754
3188
3282
3378
3712
4141
4589
4446
4930
5100
4662
4792
4429
4857
4857
5666
5477
4483
4825
3451
3579
2571
2220
1988
1683
1570
1313
1312
1130
1178
906
912
1043
823
680
560
505
438
458
399
438
461
619
988
1034
696
384
351
581
917
407
22
7
3
2
3
3
1
1
0
1
8
